---
files1:
  latitude: 47.9990
  longitude: 7.8421
files2:
  latitude: 47.9990
  longitude: 7.8421
egi_byos_it_01:
  latitude: 41.11148
  longitude: 16.8554
egi_byos_sk_01:
  latitude: 48.170333
  longitude: 17.069750
